{
 "cells": [
  {
   "cell_type": "markdown",
   "metadata": {},
   "source": [
    "## Portfolio Exercise Starbucks\n",
    "<br>\n",
    "\n",
    "<img src=\"https://opj.ca/wp-content/uploads/2018/02/New-Starbucks-Logo-1200x969.jpg\" width=\"200\" height=\"200\">\n",
    "<br>\n",
    "<br>\n",
    " \n",
    "#### Background Information\n",
    "\n",
    "The dataset you will be provided in this portfolio exercise was originally used as a take-home assignment provided by Starbucks for their candidates.   The data for this exercise consists of about 120,000 data points split in 2:1 ratio among training and test files. Each data point includes one column indicating whether or not an individual was sent a promotion for a specific product, and one column indicating whether or not that individual eventually purchased that product. Each individual also had seven additional features associated with them.\n",
    "\n",
    "#### Optimization Strategy\n",
    "\n",
    "Your task is to use the training data to understand what patterns in V1-V7 to indicate that a promotion should be provided to a user.  Specifically, your goal is to maximize the following metrics:\n",
    "\n",
    "* **Incremental Response Rate (IRR)** \n",
    "\n",
    "Ratio of the number of purchasers in the promotion group to the total number of customers in the purchasers group minus the ratio of the number of purchasers in the non-promotional group to the total number of customers in the non-promotional group.\n",
    "\n",
    "* **Net Incremental Revenue (NIR)**\n",
    "\n",
    "The total number of purchasers that received the promotion times 10 minus the number of promotions given times 0.15 minus the number of purchasers who were not given the promotion times 10.\n",
    "\n",
    "For a full description of what starbucks provides to candidates see the [instructions available here](https://drive.google.com/open?id=18klca9Sef1Rs6q8DW4l7o349r8B70qXM).\n",
    "\n",
    "Below you can find the training data provided.  Explore the data and different optimization strategies.\n",
    "\n",
    "#### How To Test Your Strategy?\n",
    "\n",
    "When you feel like you have an optimization strategy, complete the **promotion_strategy** function to pass to the **test_results** function.  \n",
    "From past data, we know there are four possible outomes:\n",
    "\n",
    "Table of actual promotion vs. predicted promotion customers.  \n",
    "\n",
    "|   | Actual      |    |    | \n",
    "|---|-------------|----|----|\n",
    "| **Predicted**   | Yes| No |  \n",
    "| Yes             | **I**   | **II**|  \n",
    "| No              | **III** | **IV**|  \n",
    "\n",
    "The metrics are only being compared for the individual's we predict should obtain the promotion - that is quadrants I and II here.  Since the first set of individuals that receive the promotion (in the training set) receive it randomly, we can expect that quadrants I and II will have approximately equal participants.  \n",
    "\n",
    "Comparing quadrant I to II then gives an idea of how well your promotion strategy will work in the future. \n",
    "\n",
    "\n",
    "Get started by reading in the data below.  See how each variable or combination of variables along with a promotion influences the chance of purchasing.  When you feel like you have a strategy for who should receive a promotion, test your strategy against the test dataset used in the final test_results function."
   ]
  },
  {
   "cell_type": "code",
   "execution_count": 1,
   "metadata": {},
   "outputs": [
    {
     "data": {
      "text/html": [
       "<div>\n",
       "<style scoped>\n",
       "    .dataframe tbody tr th:only-of-type {\n",
       "        vertical-align: middle;\n",
       "    }\n",
       "\n",
       "    .dataframe tbody tr th {\n",
       "        vertical-align: top;\n",
       "    }\n",
       "\n",
       "    .dataframe thead th {\n",
       "        text-align: right;\n",
       "    }\n",
       "</style>\n",
       "<table border=\"1\" class=\"dataframe\">\n",
       "  <thead>\n",
       "    <tr style=\"text-align: right;\">\n",
       "      <th></th>\n",
       "      <th>ID</th>\n",
       "      <th>Promotion</th>\n",
       "      <th>purchase</th>\n",
       "      <th>V1</th>\n",
       "      <th>V2</th>\n",
       "      <th>V3</th>\n",
       "      <th>V4</th>\n",
       "      <th>V5</th>\n",
       "      <th>V6</th>\n",
       "      <th>V7</th>\n",
       "    </tr>\n",
       "  </thead>\n",
       "  <tbody>\n",
       "    <tr>\n",
       "      <th>0</th>\n",
       "      <td>1</td>\n",
       "      <td>No</td>\n",
       "      <td>0</td>\n",
       "      <td>2</td>\n",
       "      <td>30.443518</td>\n",
       "      <td>-1.165083</td>\n",
       "      <td>1</td>\n",
       "      <td>1</td>\n",
       "      <td>3</td>\n",
       "      <td>2</td>\n",
       "    </tr>\n",
       "    <tr>\n",
       "      <th>1</th>\n",
       "      <td>3</td>\n",
       "      <td>No</td>\n",
       "      <td>0</td>\n",
       "      <td>3</td>\n",
       "      <td>32.159350</td>\n",
       "      <td>-0.645617</td>\n",
       "      <td>2</td>\n",
       "      <td>3</td>\n",
       "      <td>2</td>\n",
       "      <td>2</td>\n",
       "    </tr>\n",
       "    <tr>\n",
       "      <th>2</th>\n",
       "      <td>4</td>\n",
       "      <td>No</td>\n",
       "      <td>0</td>\n",
       "      <td>2</td>\n",
       "      <td>30.431659</td>\n",
       "      <td>0.133583</td>\n",
       "      <td>1</td>\n",
       "      <td>1</td>\n",
       "      <td>4</td>\n",
       "      <td>2</td>\n",
       "    </tr>\n",
       "    <tr>\n",
       "      <th>3</th>\n",
       "      <td>5</td>\n",
       "      <td>No</td>\n",
       "      <td>0</td>\n",
       "      <td>0</td>\n",
       "      <td>26.588914</td>\n",
       "      <td>-0.212728</td>\n",
       "      <td>2</td>\n",
       "      <td>1</td>\n",
       "      <td>4</td>\n",
       "      <td>2</td>\n",
       "    </tr>\n",
       "    <tr>\n",
       "      <th>4</th>\n",
       "      <td>8</td>\n",
       "      <td>Yes</td>\n",
       "      <td>0</td>\n",
       "      <td>3</td>\n",
       "      <td>28.044332</td>\n",
       "      <td>-0.385883</td>\n",
       "      <td>1</td>\n",
       "      <td>1</td>\n",
       "      <td>2</td>\n",
       "      <td>2</td>\n",
       "    </tr>\n",
       "  </tbody>\n",
       "</table>\n",
       "</div>"
      ],
      "text/plain": [
       "   ID Promotion  purchase  V1         V2        V3  V4  V5  V6  V7\n",
       "0   1        No         0   2  30.443518 -1.165083   1   1   3   2\n",
       "1   3        No         0   3  32.159350 -0.645617   2   3   2   2\n",
       "2   4        No         0   2  30.431659  0.133583   1   1   4   2\n",
       "3   5        No         0   0  26.588914 -0.212728   2   1   4   2\n",
       "4   8       Yes         0   3  28.044332 -0.385883   1   1   2   2"
      ]
     },
     "execution_count": 1,
     "metadata": {},
     "output_type": "execute_result"
    }
   ],
   "source": [
    "# load in packages\n",
    "from itertools import combinations\n",
    "\n",
    "from test_results import test_results, score\n",
    "import numpy as np\n",
    "import pandas as pd\n",
    "import scipy as sp\n",
    "import sklearn as sk\n",
    "\n",
    "import matplotlib.pyplot as plt\n",
    "import seaborn as sb\n",
    "%matplotlib inline\n",
    "\n",
    "# load in the data\n",
    "train_data = pd.read_csv('data/training.csv')\n",
    "train_data.head()"
   ]
  },
  {
   "cell_type": "markdown",
   "metadata": {},
   "source": [
    "* **Incremental Response Rate (IRR)** \n",
    "\n",
    "Ratio of the number of purchasers in the promotion group to the total number of customers in the purchasers group minus the ratio of the number of purchasers in the non-promotional group to the total number of customers in the non-promotional group."
   ]
  },
  {
   "cell_type": "code",
   "execution_count": 2,
   "metadata": {},
   "outputs": [],
   "source": [
    "yes_df, no_df = train_data[train_data.Promotion.str.contains('Yes')], train_data[train_data.Promotion.str.contains('No')]  "
   ]
  },
  {
   "cell_type": "code",
   "execution_count": 12,
   "metadata": {},
   "outputs": [
    {
     "name": "stdout",
     "output_type": "stream",
     "text": [
      "IIR: 0.00945\n"
     ]
    }
   ],
   "source": [
    "y_promo, y_no = yes_df.purchase.sum(), no_df.purchase.sum()\n",
    "\n",
    "m_promo, m_no = len(yes_df), len(no_df)\n",
    "\n",
    "iir = y_promo / m_promo - y_no / m_no\n",
    "print(f'IIR: {iir:.5f}')"
   ]
  },
  {
   "cell_type": "markdown",
   "metadata": {},
   "source": [
    "* **Net Incremental Revenue (NIR)**\n",
    "\n",
    "The total number of purchasers that received the promotion times 10 minus the number of promotions given times 0.15 minus the number of purchasers who were not given the promotion times 10."
   ]
  },
  {
   "cell_type": "code",
   "execution_count": 10,
   "metadata": {},
   "outputs": [
    {
     "name": "stdout",
     "output_type": "stream",
     "text": [
      "NIR: -2334.60\n"
     ]
    }
   ],
   "source": [
    "nir = y_promo * 10 - m_promo * .15 - y_no * 10\n",
    "print(f'NIR: {nir:.2f}')"
   ]
  },
  {
   "cell_type": "code",
   "execution_count": 29,
   "metadata": {},
   "outputs": [],
   "source": [
    "def nir(y_promo, m_promo, y_no):\n",
    "    return y_promo * 10 - m_promo * .15 - y_no * 10"
   ]
  },
  {
   "cell_type": "code",
   "execution_count": 13,
   "metadata": {},
   "outputs": [
    {
     "data": {
      "text/html": [
       "<div>\n",
       "<style scoped>\n",
       "    .dataframe tbody tr th:only-of-type {\n",
       "        vertical-align: middle;\n",
       "    }\n",
       "\n",
       "    .dataframe tbody tr th {\n",
       "        vertical-align: top;\n",
       "    }\n",
       "\n",
       "    .dataframe thead th {\n",
       "        text-align: right;\n",
       "    }\n",
       "</style>\n",
       "<table border=\"1\" class=\"dataframe\">\n",
       "  <thead>\n",
       "    <tr style=\"text-align: right;\">\n",
       "      <th></th>\n",
       "      <th>ID</th>\n",
       "      <th>purchase</th>\n",
       "      <th>V1</th>\n",
       "      <th>V2</th>\n",
       "      <th>V3</th>\n",
       "      <th>V4</th>\n",
       "      <th>V5</th>\n",
       "      <th>V6</th>\n",
       "      <th>V7</th>\n",
       "    </tr>\n",
       "  </thead>\n",
       "  <tbody>\n",
       "    <tr>\n",
       "      <th>ID</th>\n",
       "      <td>1.000000</td>\n",
       "      <td>0.006902</td>\n",
       "      <td>-0.004199</td>\n",
       "      <td>-0.002757</td>\n",
       "      <td>0.003296</td>\n",
       "      <td>-0.010600</td>\n",
       "      <td>0.000133</td>\n",
       "      <td>-0.001434</td>\n",
       "      <td>0.001686</td>\n",
       "    </tr>\n",
       "    <tr>\n",
       "      <th>purchase</th>\n",
       "      <td>0.006902</td>\n",
       "      <td>1.000000</td>\n",
       "      <td>-0.004906</td>\n",
       "      <td>-0.001694</td>\n",
       "      <td>-0.006395</td>\n",
       "      <td>0.032245</td>\n",
       "      <td>0.007814</td>\n",
       "      <td>-0.001538</td>\n",
       "      <td>-0.001117</td>\n",
       "    </tr>\n",
       "    <tr>\n",
       "      <th>V1</th>\n",
       "      <td>-0.004199</td>\n",
       "      <td>-0.004906</td>\n",
       "      <td>1.000000</td>\n",
       "      <td>-0.001564</td>\n",
       "      <td>0.003995</td>\n",
       "      <td>0.002568</td>\n",
       "      <td>-0.001196</td>\n",
       "      <td>-0.003672</td>\n",
       "      <td>0.001436</td>\n",
       "    </tr>\n",
       "    <tr>\n",
       "      <th>V2</th>\n",
       "      <td>-0.002757</td>\n",
       "      <td>-0.001694</td>\n",
       "      <td>-0.001564</td>\n",
       "      <td>1.000000</td>\n",
       "      <td>0.001165</td>\n",
       "      <td>0.002848</td>\n",
       "      <td>-0.001046</td>\n",
       "      <td>-0.004156</td>\n",
       "      <td>-0.002293</td>\n",
       "    </tr>\n",
       "    <tr>\n",
       "      <th>V3</th>\n",
       "      <td>0.003296</td>\n",
       "      <td>-0.006395</td>\n",
       "      <td>0.003995</td>\n",
       "      <td>0.001165</td>\n",
       "      <td>1.000000</td>\n",
       "      <td>0.003753</td>\n",
       "      <td>-0.001736</td>\n",
       "      <td>0.004464</td>\n",
       "      <td>0.001135</td>\n",
       "    </tr>\n",
       "    <tr>\n",
       "      <th>V4</th>\n",
       "      <td>-0.010600</td>\n",
       "      <td>0.032245</td>\n",
       "      <td>0.002568</td>\n",
       "      <td>0.002848</td>\n",
       "      <td>0.003753</td>\n",
       "      <td>1.000000</td>\n",
       "      <td>0.003161</td>\n",
       "      <td>0.002552</td>\n",
       "      <td>-0.003176</td>\n",
       "    </tr>\n",
       "    <tr>\n",
       "      <th>V5</th>\n",
       "      <td>0.000133</td>\n",
       "      <td>0.007814</td>\n",
       "      <td>-0.001196</td>\n",
       "      <td>-0.001046</td>\n",
       "      <td>-0.001736</td>\n",
       "      <td>0.003161</td>\n",
       "      <td>1.000000</td>\n",
       "      <td>-0.003043</td>\n",
       "      <td>0.003571</td>\n",
       "    </tr>\n",
       "    <tr>\n",
       "      <th>V6</th>\n",
       "      <td>-0.001434</td>\n",
       "      <td>-0.001538</td>\n",
       "      <td>-0.003672</td>\n",
       "      <td>-0.004156</td>\n",
       "      <td>0.004464</td>\n",
       "      <td>0.002552</td>\n",
       "      <td>-0.003043</td>\n",
       "      <td>1.000000</td>\n",
       "      <td>-0.001398</td>\n",
       "    </tr>\n",
       "    <tr>\n",
       "      <th>V7</th>\n",
       "      <td>0.001686</td>\n",
       "      <td>-0.001117</td>\n",
       "      <td>0.001436</td>\n",
       "      <td>-0.002293</td>\n",
       "      <td>0.001135</td>\n",
       "      <td>-0.003176</td>\n",
       "      <td>0.003571</td>\n",
       "      <td>-0.001398</td>\n",
       "      <td>1.000000</td>\n",
       "    </tr>\n",
       "  </tbody>\n",
       "</table>\n",
       "</div>"
      ],
      "text/plain": [
       "                ID  purchase        V1        V2        V3        V4  \\\n",
       "ID        1.000000  0.006902 -0.004199 -0.002757  0.003296 -0.010600   \n",
       "purchase  0.006902  1.000000 -0.004906 -0.001694 -0.006395  0.032245   \n",
       "V1       -0.004199 -0.004906  1.000000 -0.001564  0.003995  0.002568   \n",
       "V2       -0.002757 -0.001694 -0.001564  1.000000  0.001165  0.002848   \n",
       "V3        0.003296 -0.006395  0.003995  0.001165  1.000000  0.003753   \n",
       "V4       -0.010600  0.032245  0.002568  0.002848  0.003753  1.000000   \n",
       "V5        0.000133  0.007814 -0.001196 -0.001046 -0.001736  0.003161   \n",
       "V6       -0.001434 -0.001538 -0.003672 -0.004156  0.004464  0.002552   \n",
       "V7        0.001686 -0.001117  0.001436 -0.002293  0.001135 -0.003176   \n",
       "\n",
       "                V5        V6        V7  \n",
       "ID        0.000133 -0.001434  0.001686  \n",
       "purchase  0.007814 -0.001538 -0.001117  \n",
       "V1       -0.001196 -0.003672  0.001436  \n",
       "V2       -0.001046 -0.004156 -0.002293  \n",
       "V3       -0.001736  0.004464  0.001135  \n",
       "V4        0.003161  0.002552 -0.003176  \n",
       "V5        1.000000 -0.003043  0.003571  \n",
       "V6       -0.003043  1.000000 -0.001398  \n",
       "V7        0.003571 -0.001398  1.000000  "
      ]
     },
     "execution_count": 13,
     "metadata": {},
     "output_type": "execute_result"
    }
   ],
   "source": [
    "train_data.corr()\n",
    "    "
   ]
  },
  {
   "cell_type": "code",
   "execution_count": 14,
   "metadata": {},
   "outputs": [
    {
     "data": {
      "text/html": [
       "<div>\n",
       "<style scoped>\n",
       "    .dataframe tbody tr th:only-of-type {\n",
       "        vertical-align: middle;\n",
       "    }\n",
       "\n",
       "    .dataframe tbody tr th {\n",
       "        vertical-align: top;\n",
       "    }\n",
       "\n",
       "    .dataframe thead th {\n",
       "        text-align: right;\n",
       "    }\n",
       "</style>\n",
       "<table border=\"1\" class=\"dataframe\">\n",
       "  <thead>\n",
       "    <tr style=\"text-align: right;\">\n",
       "      <th></th>\n",
       "      <th>ID</th>\n",
       "      <th>purchase</th>\n",
       "      <th>V1</th>\n",
       "      <th>V2</th>\n",
       "      <th>V3</th>\n",
       "      <th>V4</th>\n",
       "      <th>V5</th>\n",
       "      <th>V6</th>\n",
       "      <th>V7</th>\n",
       "    </tr>\n",
       "  </thead>\n",
       "  <tbody>\n",
       "    <tr>\n",
       "      <th>ID</th>\n",
       "      <td>1.000000</td>\n",
       "      <td>0.005549</td>\n",
       "      <td>-0.002255</td>\n",
       "      <td>-0.002680</td>\n",
       "      <td>0.001301</td>\n",
       "      <td>-0.012418</td>\n",
       "      <td>-0.000783</td>\n",
       "      <td>-0.003812</td>\n",
       "      <td>-0.001706</td>\n",
       "    </tr>\n",
       "    <tr>\n",
       "      <th>purchase</th>\n",
       "      <td>0.005549</td>\n",
       "      <td>1.000000</td>\n",
       "      <td>-0.004651</td>\n",
       "      <td>-0.002885</td>\n",
       "      <td>-0.017012</td>\n",
       "      <td>0.053348</td>\n",
       "      <td>0.011711</td>\n",
       "      <td>-0.002049</td>\n",
       "      <td>-0.005005</td>\n",
       "    </tr>\n",
       "    <tr>\n",
       "      <th>V1</th>\n",
       "      <td>-0.002255</td>\n",
       "      <td>-0.004651</td>\n",
       "      <td>1.000000</td>\n",
       "      <td>-0.001973</td>\n",
       "      <td>0.009417</td>\n",
       "      <td>0.001857</td>\n",
       "      <td>-0.005020</td>\n",
       "      <td>-0.007736</td>\n",
       "      <td>0.002503</td>\n",
       "    </tr>\n",
       "    <tr>\n",
       "      <th>V2</th>\n",
       "      <td>-0.002680</td>\n",
       "      <td>-0.002885</td>\n",
       "      <td>-0.001973</td>\n",
       "      <td>1.000000</td>\n",
       "      <td>-0.002440</td>\n",
       "      <td>-0.001763</td>\n",
       "      <td>-0.003660</td>\n",
       "      <td>-0.002544</td>\n",
       "      <td>-0.004795</td>\n",
       "    </tr>\n",
       "    <tr>\n",
       "      <th>V3</th>\n",
       "      <td>0.001301</td>\n",
       "      <td>-0.017012</td>\n",
       "      <td>0.009417</td>\n",
       "      <td>-0.002440</td>\n",
       "      <td>1.000000</td>\n",
       "      <td>-0.000656</td>\n",
       "      <td>-0.001973</td>\n",
       "      <td>0.007905</td>\n",
       "      <td>-0.000368</td>\n",
       "    </tr>\n",
       "    <tr>\n",
       "      <th>V4</th>\n",
       "      <td>-0.012418</td>\n",
       "      <td>0.053348</td>\n",
       "      <td>0.001857</td>\n",
       "      <td>-0.001763</td>\n",
       "      <td>-0.000656</td>\n",
       "      <td>1.000000</td>\n",
       "      <td>0.000586</td>\n",
       "      <td>-0.002490</td>\n",
       "      <td>-0.003113</td>\n",
       "    </tr>\n",
       "    <tr>\n",
       "      <th>V5</th>\n",
       "      <td>-0.000783</td>\n",
       "      <td>0.011711</td>\n",
       "      <td>-0.005020</td>\n",
       "      <td>-0.003660</td>\n",
       "      <td>-0.001973</td>\n",
       "      <td>0.000586</td>\n",
       "      <td>1.000000</td>\n",
       "      <td>0.001858</td>\n",
       "      <td>0.002265</td>\n",
       "    </tr>\n",
       "    <tr>\n",
       "      <th>V6</th>\n",
       "      <td>-0.003812</td>\n",
       "      <td>-0.002049</td>\n",
       "      <td>-0.007736</td>\n",
       "      <td>-0.002544</td>\n",
       "      <td>0.007905</td>\n",
       "      <td>-0.002490</td>\n",
       "      <td>0.001858</td>\n",
       "      <td>1.000000</td>\n",
       "      <td>-0.004016</td>\n",
       "    </tr>\n",
       "    <tr>\n",
       "      <th>V7</th>\n",
       "      <td>-0.001706</td>\n",
       "      <td>-0.005005</td>\n",
       "      <td>0.002503</td>\n",
       "      <td>-0.004795</td>\n",
       "      <td>-0.000368</td>\n",
       "      <td>-0.003113</td>\n",
       "      <td>0.002265</td>\n",
       "      <td>-0.004016</td>\n",
       "      <td>1.000000</td>\n",
       "    </tr>\n",
       "  </tbody>\n",
       "</table>\n",
       "</div>"
      ],
      "text/plain": [
       "                ID  purchase        V1        V2        V3        V4  \\\n",
       "ID        1.000000  0.005549 -0.002255 -0.002680  0.001301 -0.012418   \n",
       "purchase  0.005549  1.000000 -0.004651 -0.002885 -0.017012  0.053348   \n",
       "V1       -0.002255 -0.004651  1.000000 -0.001973  0.009417  0.001857   \n",
       "V2       -0.002680 -0.002885 -0.001973  1.000000 -0.002440 -0.001763   \n",
       "V3        0.001301 -0.017012  0.009417 -0.002440  1.000000 -0.000656   \n",
       "V4       -0.012418  0.053348  0.001857 -0.001763 -0.000656  1.000000   \n",
       "V5       -0.000783  0.011711 -0.005020 -0.003660 -0.001973  0.000586   \n",
       "V6       -0.003812 -0.002049 -0.007736 -0.002544  0.007905 -0.002490   \n",
       "V7       -0.001706 -0.005005  0.002503 -0.004795 -0.000368 -0.003113   \n",
       "\n",
       "                V5        V6        V7  \n",
       "ID       -0.000783 -0.003812 -0.001706  \n",
       "purchase  0.011711 -0.002049 -0.005005  \n",
       "V1       -0.005020 -0.007736  0.002503  \n",
       "V2       -0.003660 -0.002544 -0.004795  \n",
       "V3       -0.001973  0.007905 -0.000368  \n",
       "V4        0.000586 -0.002490 -0.003113  \n",
       "V5        1.000000  0.001858  0.002265  \n",
       "V6        0.001858  1.000000 -0.004016  \n",
       "V7        0.002265 -0.004016  1.000000  "
      ]
     },
     "execution_count": 14,
     "metadata": {},
     "output_type": "execute_result"
    }
   ],
   "source": [
    "yes_df.corr()"
   ]
  },
  {
   "cell_type": "code",
   "execution_count": 15,
   "metadata": {},
   "outputs": [
    {
     "data": {
      "text/html": [
       "<div>\n",
       "<style scoped>\n",
       "    .dataframe tbody tr th:only-of-type {\n",
       "        vertical-align: middle;\n",
       "    }\n",
       "\n",
       "    .dataframe tbody tr th {\n",
       "        vertical-align: top;\n",
       "    }\n",
       "\n",
       "    .dataframe thead th {\n",
       "        text-align: right;\n",
       "    }\n",
       "</style>\n",
       "<table border=\"1\" class=\"dataframe\">\n",
       "  <thead>\n",
       "    <tr style=\"text-align: right;\">\n",
       "      <th></th>\n",
       "      <th>ID</th>\n",
       "      <th>purchase</th>\n",
       "      <th>V1</th>\n",
       "      <th>V2</th>\n",
       "      <th>V3</th>\n",
       "      <th>V4</th>\n",
       "      <th>V5</th>\n",
       "      <th>V6</th>\n",
       "      <th>V7</th>\n",
       "    </tr>\n",
       "  </thead>\n",
       "  <tbody>\n",
       "    <tr>\n",
       "      <th>ID</th>\n",
       "      <td>1.000000</td>\n",
       "      <td>0.009648</td>\n",
       "      <td>-0.006105</td>\n",
       "      <td>-0.002838</td>\n",
       "      <td>0.005327</td>\n",
       "      <td>-0.008794</td>\n",
       "      <td>0.001021</td>\n",
       "      <td>0.000948</td>\n",
       "      <td>0.005067</td>\n",
       "    </tr>\n",
       "    <tr>\n",
       "      <th>purchase</th>\n",
       "      <td>0.009648</td>\n",
       "      <td>1.000000</td>\n",
       "      <td>-0.006088</td>\n",
       "      <td>0.000090</td>\n",
       "      <td>0.008325</td>\n",
       "      <td>0.002344</td>\n",
       "      <td>0.002771</td>\n",
       "      <td>-0.000980</td>\n",
       "      <td>0.004786</td>\n",
       "    </tr>\n",
       "    <tr>\n",
       "      <th>V1</th>\n",
       "      <td>-0.006105</td>\n",
       "      <td>-0.006088</td>\n",
       "      <td>1.000000</td>\n",
       "      <td>-0.001145</td>\n",
       "      <td>-0.001499</td>\n",
       "      <td>0.003297</td>\n",
       "      <td>0.002673</td>\n",
       "      <td>0.000397</td>\n",
       "      <td>0.000373</td>\n",
       "    </tr>\n",
       "    <tr>\n",
       "      <th>V2</th>\n",
       "      <td>-0.002838</td>\n",
       "      <td>0.000090</td>\n",
       "      <td>-0.001145</td>\n",
       "      <td>1.000000</td>\n",
       "      <td>0.004798</td>\n",
       "      <td>0.007508</td>\n",
       "      <td>0.001585</td>\n",
       "      <td>-0.005784</td>\n",
       "      <td>0.000235</td>\n",
       "    </tr>\n",
       "    <tr>\n",
       "      <th>V3</th>\n",
       "      <td>0.005327</td>\n",
       "      <td>0.008325</td>\n",
       "      <td>-0.001499</td>\n",
       "      <td>0.004798</td>\n",
       "      <td>1.000000</td>\n",
       "      <td>0.008187</td>\n",
       "      <td>-0.001448</td>\n",
       "      <td>0.001007</td>\n",
       "      <td>0.002656</td>\n",
       "    </tr>\n",
       "    <tr>\n",
       "      <th>V4</th>\n",
       "      <td>-0.008794</td>\n",
       "      <td>0.002344</td>\n",
       "      <td>0.003297</td>\n",
       "      <td>0.007508</td>\n",
       "      <td>0.008187</td>\n",
       "      <td>1.000000</td>\n",
       "      <td>0.005736</td>\n",
       "      <td>0.007627</td>\n",
       "      <td>-0.003243</td>\n",
       "    </tr>\n",
       "    <tr>\n",
       "      <th>V5</th>\n",
       "      <td>0.001021</td>\n",
       "      <td>0.002771</td>\n",
       "      <td>0.002673</td>\n",
       "      <td>0.001585</td>\n",
       "      <td>-0.001448</td>\n",
       "      <td>0.005736</td>\n",
       "      <td>1.000000</td>\n",
       "      <td>-0.007947</td>\n",
       "      <td>0.004874</td>\n",
       "    </tr>\n",
       "    <tr>\n",
       "      <th>V6</th>\n",
       "      <td>0.000948</td>\n",
       "      <td>-0.000980</td>\n",
       "      <td>0.000397</td>\n",
       "      <td>-0.005784</td>\n",
       "      <td>0.001007</td>\n",
       "      <td>0.007627</td>\n",
       "      <td>-0.007947</td>\n",
       "      <td>1.000000</td>\n",
       "      <td>0.001237</td>\n",
       "    </tr>\n",
       "    <tr>\n",
       "      <th>V7</th>\n",
       "      <td>0.005067</td>\n",
       "      <td>0.004786</td>\n",
       "      <td>0.000373</td>\n",
       "      <td>0.000235</td>\n",
       "      <td>0.002656</td>\n",
       "      <td>-0.003243</td>\n",
       "      <td>0.004874</td>\n",
       "      <td>0.001237</td>\n",
       "      <td>1.000000</td>\n",
       "    </tr>\n",
       "  </tbody>\n",
       "</table>\n",
       "</div>"
      ],
      "text/plain": [
       "                ID  purchase        V1        V2        V3        V4  \\\n",
       "ID        1.000000  0.009648 -0.006105 -0.002838  0.005327 -0.008794   \n",
       "purchase  0.009648  1.000000 -0.006088  0.000090  0.008325  0.002344   \n",
       "V1       -0.006105 -0.006088  1.000000 -0.001145 -0.001499  0.003297   \n",
       "V2       -0.002838  0.000090 -0.001145  1.000000  0.004798  0.007508   \n",
       "V3        0.005327  0.008325 -0.001499  0.004798  1.000000  0.008187   \n",
       "V4       -0.008794  0.002344  0.003297  0.007508  0.008187  1.000000   \n",
       "V5        0.001021  0.002771  0.002673  0.001585 -0.001448  0.005736   \n",
       "V6        0.000948 -0.000980  0.000397 -0.005784  0.001007  0.007627   \n",
       "V7        0.005067  0.004786  0.000373  0.000235  0.002656 -0.003243   \n",
       "\n",
       "                V5        V6        V7  \n",
       "ID        0.001021  0.000948  0.005067  \n",
       "purchase  0.002771 -0.000980  0.004786  \n",
       "V1        0.002673  0.000397  0.000373  \n",
       "V2        0.001585 -0.005784  0.000235  \n",
       "V3       -0.001448  0.001007  0.002656  \n",
       "V4        0.005736  0.007627 -0.003243  \n",
       "V5        1.000000 -0.007947  0.004874  \n",
       "V6       -0.007947  1.000000  0.001237  \n",
       "V7        0.004874  0.001237  1.000000  "
      ]
     },
     "execution_count": 15,
     "metadata": {},
     "output_type": "execute_result"
    }
   ],
   "source": [
    "no_df.corr()"
   ]
  },
  {
   "cell_type": "code",
   "execution_count": 30,
   "metadata": {},
   "outputs": [],
   "source": [
    "from sklearn.ensemble import RandomForestClassifier\n",
    "from sklearn.metrics import classification_report, confusion_matrix"
   ]
  },
  {
   "cell_type": "code",
   "execution_count": 20,
   "metadata": {},
   "outputs": [
    {
     "data": {
      "text/html": [
       "<div>\n",
       "<style scoped>\n",
       "    .dataframe tbody tr th:only-of-type {\n",
       "        vertical-align: middle;\n",
       "    }\n",
       "\n",
       "    .dataframe tbody tr th {\n",
       "        vertical-align: top;\n",
       "    }\n",
       "\n",
       "    .dataframe thead th {\n",
       "        text-align: right;\n",
       "    }\n",
       "</style>\n",
       "<table border=\"1\" class=\"dataframe\">\n",
       "  <thead>\n",
       "    <tr style=\"text-align: right;\">\n",
       "      <th></th>\n",
       "      <th>ID</th>\n",
       "      <th>Promotion</th>\n",
       "      <th>purchase</th>\n",
       "      <th>V1</th>\n",
       "      <th>V2</th>\n",
       "      <th>V3</th>\n",
       "      <th>V4</th>\n",
       "      <th>V5</th>\n",
       "      <th>V6</th>\n",
       "      <th>V7</th>\n",
       "    </tr>\n",
       "  </thead>\n",
       "  <tbody>\n",
       "    <tr>\n",
       "      <th>0</th>\n",
       "      <td>1</td>\n",
       "      <td>0</td>\n",
       "      <td>0</td>\n",
       "      <td>2</td>\n",
       "      <td>30.443518</td>\n",
       "      <td>-1.165083</td>\n",
       "      <td>1</td>\n",
       "      <td>1</td>\n",
       "      <td>3</td>\n",
       "      <td>2</td>\n",
       "    </tr>\n",
       "    <tr>\n",
       "      <th>1</th>\n",
       "      <td>3</td>\n",
       "      <td>0</td>\n",
       "      <td>0</td>\n",
       "      <td>3</td>\n",
       "      <td>32.159350</td>\n",
       "      <td>-0.645617</td>\n",
       "      <td>2</td>\n",
       "      <td>3</td>\n",
       "      <td>2</td>\n",
       "      <td>2</td>\n",
       "    </tr>\n",
       "    <tr>\n",
       "      <th>2</th>\n",
       "      <td>4</td>\n",
       "      <td>0</td>\n",
       "      <td>0</td>\n",
       "      <td>2</td>\n",
       "      <td>30.431659</td>\n",
       "      <td>0.133583</td>\n",
       "      <td>1</td>\n",
       "      <td>1</td>\n",
       "      <td>4</td>\n",
       "      <td>2</td>\n",
       "    </tr>\n",
       "    <tr>\n",
       "      <th>3</th>\n",
       "      <td>5</td>\n",
       "      <td>0</td>\n",
       "      <td>0</td>\n",
       "      <td>0</td>\n",
       "      <td>26.588914</td>\n",
       "      <td>-0.212728</td>\n",
       "      <td>2</td>\n",
       "      <td>1</td>\n",
       "      <td>4</td>\n",
       "      <td>2</td>\n",
       "    </tr>\n",
       "    <tr>\n",
       "      <th>4</th>\n",
       "      <td>8</td>\n",
       "      <td>1</td>\n",
       "      <td>0</td>\n",
       "      <td>3</td>\n",
       "      <td>28.044332</td>\n",
       "      <td>-0.385883</td>\n",
       "      <td>1</td>\n",
       "      <td>1</td>\n",
       "      <td>2</td>\n",
       "      <td>2</td>\n",
       "    </tr>\n",
       "    <tr>\n",
       "      <th>5</th>\n",
       "      <td>9</td>\n",
       "      <td>0</td>\n",
       "      <td>0</td>\n",
       "      <td>1</td>\n",
       "      <td>41.189415</td>\n",
       "      <td>-0.905350</td>\n",
       "      <td>2</td>\n",
       "      <td>4</td>\n",
       "      <td>4</td>\n",
       "      <td>1</td>\n",
       "    </tr>\n",
       "    <tr>\n",
       "      <th>6</th>\n",
       "      <td>11</td>\n",
       "      <td>0</td>\n",
       "      <td>0</td>\n",
       "      <td>1</td>\n",
       "      <td>40.690409</td>\n",
       "      <td>1.085939</td>\n",
       "      <td>2</td>\n",
       "      <td>2</td>\n",
       "      <td>1</td>\n",
       "      <td>2</td>\n",
       "    </tr>\n",
       "    <tr>\n",
       "      <th>7</th>\n",
       "      <td>14</td>\n",
       "      <td>0</td>\n",
       "      <td>0</td>\n",
       "      <td>2</td>\n",
       "      <td>25.971529</td>\n",
       "      <td>-1.424817</td>\n",
       "      <td>1</td>\n",
       "      <td>3</td>\n",
       "      <td>3</td>\n",
       "      <td>2</td>\n",
       "    </tr>\n",
       "    <tr>\n",
       "      <th>8</th>\n",
       "      <td>15</td>\n",
       "      <td>1</td>\n",
       "      <td>0</td>\n",
       "      <td>2</td>\n",
       "      <td>31.930423</td>\n",
       "      <td>0.393317</td>\n",
       "      <td>2</td>\n",
       "      <td>3</td>\n",
       "      <td>1</td>\n",
       "      <td>2</td>\n",
       "    </tr>\n",
       "    <tr>\n",
       "      <th>9</th>\n",
       "      <td>16</td>\n",
       "      <td>0</td>\n",
       "      <td>0</td>\n",
       "      <td>1</td>\n",
       "      <td>27.474650</td>\n",
       "      <td>0.566472</td>\n",
       "      <td>2</td>\n",
       "      <td>2</td>\n",
       "      <td>3</td>\n",
       "      <td>2</td>\n",
       "    </tr>\n",
       "    <tr>\n",
       "      <th>10</th>\n",
       "      <td>17</td>\n",
       "      <td>1</td>\n",
       "      <td>0</td>\n",
       "      <td>1</td>\n",
       "      <td>32.770916</td>\n",
       "      <td>-1.511395</td>\n",
       "      <td>2</td>\n",
       "      <td>1</td>\n",
       "      <td>4</td>\n",
       "      <td>1</td>\n",
       "    </tr>\n",
       "    <tr>\n",
       "      <th>11</th>\n",
       "      <td>18</td>\n",
       "      <td>0</td>\n",
       "      <td>0</td>\n",
       "      <td>2</td>\n",
       "      <td>32.714953</td>\n",
       "      <td>-1.424817</td>\n",
       "      <td>1</td>\n",
       "      <td>1</td>\n",
       "      <td>2</td>\n",
       "      <td>1</td>\n",
       "    </tr>\n",
       "    <tr>\n",
       "      <th>12</th>\n",
       "      <td>20</td>\n",
       "      <td>1</td>\n",
       "      <td>0</td>\n",
       "      <td>1</td>\n",
       "      <td>36.957009</td>\n",
       "      <td>0.133583</td>\n",
       "      <td>2</td>\n",
       "      <td>3</td>\n",
       "      <td>1</td>\n",
       "      <td>1</td>\n",
       "    </tr>\n",
       "    <tr>\n",
       "      <th>13</th>\n",
       "      <td>21</td>\n",
       "      <td>0</td>\n",
       "      <td>0</td>\n",
       "      <td>2</td>\n",
       "      <td>18.982690</td>\n",
       "      <td>-1.511395</td>\n",
       "      <td>1</td>\n",
       "      <td>2</td>\n",
       "      <td>3</td>\n",
       "      <td>1</td>\n",
       "    </tr>\n",
       "    <tr>\n",
       "      <th>14</th>\n",
       "      <td>22</td>\n",
       "      <td>1</td>\n",
       "      <td>0</td>\n",
       "      <td>3</td>\n",
       "      <td>36.911714</td>\n",
       "      <td>-0.905350</td>\n",
       "      <td>2</td>\n",
       "      <td>2</td>\n",
       "      <td>4</td>\n",
       "      <td>1</td>\n",
       "    </tr>\n",
       "    <tr>\n",
       "      <th>15</th>\n",
       "      <td>23</td>\n",
       "      <td>0</td>\n",
       "      <td>0</td>\n",
       "      <td>0</td>\n",
       "      <td>30.492626</td>\n",
       "      <td>-0.212728</td>\n",
       "      <td>2</td>\n",
       "      <td>1</td>\n",
       "      <td>2</td>\n",
       "      <td>2</td>\n",
       "    </tr>\n",
       "    <tr>\n",
       "      <th>16</th>\n",
       "      <td>24</td>\n",
       "      <td>1</td>\n",
       "      <td>0</td>\n",
       "      <td>1</td>\n",
       "      <td>35.040920</td>\n",
       "      <td>-0.905350</td>\n",
       "      <td>2</td>\n",
       "      <td>4</td>\n",
       "      <td>2</td>\n",
       "      <td>2</td>\n",
       "    </tr>\n",
       "    <tr>\n",
       "      <th>17</th>\n",
       "      <td>25</td>\n",
       "      <td>0</td>\n",
       "      <td>0</td>\n",
       "      <td>1</td>\n",
       "      <td>25.434877</td>\n",
       "      <td>0.739628</td>\n",
       "      <td>2</td>\n",
       "      <td>2</td>\n",
       "      <td>1</td>\n",
       "      <td>2</td>\n",
       "    </tr>\n",
       "    <tr>\n",
       "      <th>18</th>\n",
       "      <td>27</td>\n",
       "      <td>1</td>\n",
       "      <td>0</td>\n",
       "      <td>1</td>\n",
       "      <td>35.632751</td>\n",
       "      <td>-0.212728</td>\n",
       "      <td>1</td>\n",
       "      <td>2</td>\n",
       "      <td>4</td>\n",
       "      <td>1</td>\n",
       "    </tr>\n",
       "    <tr>\n",
       "      <th>19</th>\n",
       "      <td>28</td>\n",
       "      <td>1</td>\n",
       "      <td>0</td>\n",
       "      <td>2</td>\n",
       "      <td>26.328708</td>\n",
       "      <td>1.605406</td>\n",
       "      <td>2</td>\n",
       "      <td>4</td>\n",
       "      <td>2</td>\n",
       "      <td>2</td>\n",
       "    </tr>\n",
       "    <tr>\n",
       "      <th>20</th>\n",
       "      <td>30</td>\n",
       "      <td>0</td>\n",
       "      <td>0</td>\n",
       "      <td>1</td>\n",
       "      <td>26.149462</td>\n",
       "      <td>-1.251661</td>\n",
       "      <td>1</td>\n",
       "      <td>3</td>\n",
       "      <td>1</td>\n",
       "      <td>2</td>\n",
       "    </tr>\n",
       "    <tr>\n",
       "      <th>21</th>\n",
       "      <td>31</td>\n",
       "      <td>1</td>\n",
       "      <td>0</td>\n",
       "      <td>2</td>\n",
       "      <td>38.246141</td>\n",
       "      <td>1.518828</td>\n",
       "      <td>2</td>\n",
       "      <td>3</td>\n",
       "      <td>2</td>\n",
       "      <td>2</td>\n",
       "    </tr>\n",
       "    <tr>\n",
       "      <th>22</th>\n",
       "      <td>36</td>\n",
       "      <td>0</td>\n",
       "      <td>0</td>\n",
       "      <td>0</td>\n",
       "      <td>26.474152</td>\n",
       "      <td>0.220161</td>\n",
       "      <td>2</td>\n",
       "      <td>4</td>\n",
       "      <td>1</td>\n",
       "      <td>2</td>\n",
       "    </tr>\n",
       "    <tr>\n",
       "      <th>23</th>\n",
       "      <td>37</td>\n",
       "      <td>0</td>\n",
       "      <td>0</td>\n",
       "      <td>1</td>\n",
       "      <td>33.623205</td>\n",
       "      <td>-0.126150</td>\n",
       "      <td>2</td>\n",
       "      <td>3</td>\n",
       "      <td>4</td>\n",
       "      <td>2</td>\n",
       "    </tr>\n",
       "    <tr>\n",
       "      <th>24</th>\n",
       "      <td>38</td>\n",
       "      <td>0</td>\n",
       "      <td>0</td>\n",
       "      <td>1</td>\n",
       "      <td>32.041346</td>\n",
       "      <td>-1.684550</td>\n",
       "      <td>2</td>\n",
       "      <td>3</td>\n",
       "      <td>3</td>\n",
       "      <td>1</td>\n",
       "    </tr>\n",
       "    <tr>\n",
       "      <th>25</th>\n",
       "      <td>39</td>\n",
       "      <td>1</td>\n",
       "      <td>0</td>\n",
       "      <td>1</td>\n",
       "      <td>31.339475</td>\n",
       "      <td>-0.991928</td>\n",
       "      <td>2</td>\n",
       "      <td>2</td>\n",
       "      <td>1</td>\n",
       "      <td>1</td>\n",
       "    </tr>\n",
       "    <tr>\n",
       "      <th>26</th>\n",
       "      <td>41</td>\n",
       "      <td>0</td>\n",
       "      <td>0</td>\n",
       "      <td>1</td>\n",
       "      <td>34.186228</td>\n",
       "      <td>-1.251661</td>\n",
       "      <td>2</td>\n",
       "      <td>4</td>\n",
       "      <td>4</td>\n",
       "      <td>2</td>\n",
       "    </tr>\n",
       "    <tr>\n",
